1 1 1 1
2 1 1 2
3 3 1 3
5 2 1 1
0 0 1 0
10 2 1 3
22 0 1 0 main
0 0 1 0
0 0 1 0
13 1 1 4
0 0 1 0
16 1 2 2
17 1 2 3
5 2 2 1
0 0 2 0
18 2 2 3
19 2 2 3
9 1 2 1
22 0 2 0 i
0 0 2 0
20 17 2 1
24 0 2 0 0
0 0 2 0
18 2 2 3
19 2 2 3
9 1 2 1
22 0 2 0 j
0 0 2 0
20 17 2 1
24 0 2 0 10
0 0 2 0
18 1 2 1
19 1 2 1
9 1 2 1
22 0 2 0 k
0 0 2 0
16 2 2 0
14 1 3 2
15 6 3 5
0 0 3 0
0 0 3 0
20 4 3 3
20 16 3 1
22 0 3 0 i
23 0 3 0 5
20 17 3 1
24 0 3 0 0
0 0 3 0
15 2 3 1
13 1 3 4
0 0 3 0
16 2 3 0
14 1 3 2
15 1 3 2
20 1 3 3
20 16 3 1
22 0 3 0 i
0 0 3 0
20 17 3 1
24 0 3 0 3
0 0 3 0
14 2 3 0
0 0 3 0
14 1 4 2
15 1 4 2
20 12 4 4
22 0 4 0 write
0 0 4 0
21 2 4 1
20 16 4 1
22 0 4 0 i
0 0 4 0
0 0 4 0
14 1 5 2
15 1 5 2
20 1 5 3
20 16 5 1
22 0 5 0 k
0 0 5 0
20 5 5 3
20 16 5 1
22 0 5 0 i
23 0 5 0 9
20 17 5 1
24 0 5 0 1
0 0 5 0
14 1 6 2
15 5 6 7
0 0 6 0
0 0 6 0
20 4 6 3
20 16 6 1
22 0 6 0 i
23 0 6 0 3
20 17 6 1
24 0 6 0 2
0 0 6 0
15 2 6 1
13 1 6 4
0 0 6 0
16 1 7 2
17 1 7 3
5 2 7 1
0 0 7 0
18 1 7 1
19 2 7 3
9 1 7 1
22 0 7 0 m
0 0 7 0
20 5 7 3
20 16 7 1
22 0 7 0 i
23 0 7 0 9
20 17 7 1
24 0 7 0 1
0 0 7 0
16 2 7 0
14 1 8 2
15 1 8 2
20 12 8 4
22 0 8 0 write
0 0 8 0
21 2 8 1
20 16 8 1
22 0 8 0 m
0 0 8 0
0 0 8 0
14 1 9 2
15 6 9 5
0 0 9 0
0 0 9 0
20 4 9 3
20 16 9 1
22 0 9 0 i
23 0 9 0 7
20 16 9 1
22 0 9 0 j
0 0 9 0
15 2 9 1
13 1 9 4
0 0 9 0
16 2 9 0
14 1 10 2
15 1 10 2
20 12 10 4
22 0 10 0 write
0 0 10 0
21 2 10 1
20 16 10 1
22 0 10 0 i
0 0 10 0
0 0 10 0
14 1 11 2
15 1 11 2
20 1 11 3
20 16 11 1
22 0 11 0 i
0 0 11 0
20 5 11 3
20 16 11 1
22 0 11 0 i
23 0 11 0 9
20 17 11 1
24 0 11 0 1
0 0 11 0
14 2 11 0
0 0 12 0
14 2 12 0
0 0 13 0
0 0 14 0
15 2 14 1
13 1 14 4
0 0 14 0
16 1 15 2
17 1 15 3
5 2 15 1
0 0 15 0
18 1 15 1
19 2 15 3
9 1 15 1
22 0 15 0 m
0 0 15 0
20 5 15 3
20 16 15 1
22 0 15 0 i
23 0 15 0 9
20 17 15 1
24 0 15 0 1
0 0 15 0
16 2 15 0
14 1 16 2
15 1 16 2
20 12 16 4
22 0 16 0 write
0 0 16 0
21 2 16 1
20 16 16 1
22 0 16 0 m
0 0 16 0
0 0 16 0
14 2 16 0
0 0 17 0
14 1 18 2
15 3 18 3
0 0 18 0
20 17 18 1
24 0 18 0 0
0 0 18 0
14 2 18 0
0 0 19 0
2 2 19 0
