1 1 1 1
2 1 1 2
3 3 1 3
5 2 1 1
0 0 1 0
10 2 1 3
22 0 1 0 main
0 0 1 0
0 0 1 0
13 1 1 4
0 0 1 0
16 1 2 2
17 1 2 3
5 2 2 1
0 0 2 0
18 2 2 3
19 1 2 1
9 1 2 1
22 0 2 0 a
0 0 2 0
18 2 2 3
19 1 2 1
9 1 2 1
22 0 2 0 b
0 0 2 0
18 2 2 3
19 1 2 1
9 1 2 1
22 0 2 0 c
0 0 2 0
18 2 2 3
19 1 2 1
9 1 2 1
22 0 2 0 d
0 0 2 0
18 2 2 3
19 1 2 1
9 1 2 1
22 0 2 0 e
0 0 2 0
18 1 2 1
19 2 2 3
9 1 2 1
22 0 2 0 f
0 0 2 0
20 17 2 1
24 0 2 0 2
0 0 2 0
16 2 2 0
14 1 3 2
15 1 3 2
20 1 3 3
20 16 3 1
22 0 3 0 a
0 0 3 0
20 17 3 1
24 0 3 0 2
0 0 3 0
14 1 4 2
15 1 4 2
20 1 4 3
20 16 4 1
22 0 4 0 b
0 0 4 0
20 5 4 3
20 16 4 1
22 0 4 0 a
23 0 4 0 9
20 17 4 1
24 0 4 0 1
0 0 4 0
14 1 5 2
15 5 5 7
0 0 5 0
0 0 5 0
20 4 5 3
20 16 5 1
22 0 5 0 a
23 0 5 0 7
20 16 5 1
22 0 5 0 d
0 0 5 0
15 2 5 1
13 1 5 4
0 0 5 0
16 2 5 0
14 1 6 2
15 1 6 2
20 1 6 3
20 16 6 1
22 0 6 0 c
0 0 6 0
20 5 6 3
20 9 6 3
0 0 6 0
20 5 6 3
20 16 6 1
22 0 6 0 a
23 0 6 0 9
20 17 6 1
24 0 6 0 1
0 0 6 0
23 0 6 0 9
20 7 6 3
20 9 6 3
0 0 6 0
20 1 6 3
20 16 6 1
22 0 6 0 a
0 0 6 0
20 17 6 1
24 0 6 0 3
0 0 6 0
23 0 6 0 11
20 9 6 3
0 0 6 0
20 5 6 3
20 16 6 1
22 0 6 0 a
23 0 6 0 9
20 17 6 1
24 0 6 0 1
0 0 6 0
0 0 6 0
14 2 6 0
0 0 7 0
0 0 8 0
15 2 8 1
13 1 8 4
0 0 8 0
16 2 8 0
14 1 9 2
15 1 9 2
20 1 9 3
20 16 9 1
22 0 9 0 c
0 0 9 0
20 8 9 3
20 9 9 3
0 0 9 0
20 5 9 3
20 16 9 1
22 0 9 0 a
23 0 9 0 9
20 17 9 1
24 0 9 0 1
0 0 9 0
23 0 9 0 12
20 9 9 3
0 0 9 0
20 5 9 3
20 16 9 1
22 0 9 0 a
23 0 9 0 9
20 17 9 1
24 0 9 0 1
0 0 9 0
0 0 9 0
14 2 9 0
0 0 10 0
14 1 11 2
15 1 11 2
20 1 11 3
20 16 11 1
22 0 11 0 d
0 0 11 0
20 5 11 3
20 16 11 1
22 0 11 0 a
23 0 11 0 9
20 17 11 1
24 0 11 0 1
0 0 11 0
14 1 13 2
15 1 13 2
20 1 13 3
20 16 13 1
22 0 13 0 a
0 0 13 0
20 17 13 1
24 0 13 0 2
0 0 13 0
14 1 14 2
15 6 14 5
0 0 14 0
0 0 14 0
20 4 14 3
20 16 14 1
22 0 14 0 a
23 0 14 0 7
20 16 14 1
22 0 14 0 f
0 0 14 0
15 2 14 1
13 1 14 4
0 0 14 0
16 1 15 2
17 1 15 3
5 2 15 1
0 0 15 0
18 1 15 1
19 2 15 3
9 1 15 1
22 0 15 0 g
0 0 15 0
20 17 15 1
24 0 15 0 4
0 0 15 0
16 2 15 0
14 1 16 2
15 1 16 2
20 1 16 3
20 16 16 1
22 0 16 0 g
0 0 16 0
20 17 16 1
24 0 16 0 3
0 0 16 0
14 2 16 0
0 0 17 0
14 1 19 2
15 6 19 5
0 0 19 0
0 0 19 0
20 4 19 3
20 16 19 1
22 0 19 0 a
23 0 19 0 7
20 16 19 1
22 0 19 0 e
0 0 19 0
15 2 19 1
13 1 19 4
0 0 19 0
16 2 19 0
14 1 20 2
15 1 20 2
20 1 20 3
20 16 20 1
22 0 20 0 a
0 0 20 0
20 17 20 1
24 0 20 0 1
0 0 20 0
14 2 20 0
0 0 21 0
14 1 22 2
15 1 22 2
20 1 22 3
20 16 22 1
22 0 22 0 e
0 0 22 0
20 5 22 3
20 16 22 1
22 0 22 0 a
23 0 22 0 9
20 17 22 1
24 0 22 0 1
0 0 22 0
14 2 22 0
0 0 23 0
2 2 23 0
